1	3668950
1	3669119
1	3669201
1	3669205
1	3669280
1	3670652
1	3670691
1	3670827
1	3673433
1	3673463
1	3673481
1	3673496
1	3677933
1	3680153
1	3680333
1	3680345
1	3680359
1	3680368
1	3680427
1	3680461
1	3680464
1	3680479
1	3680481
1	3680486
1	3680488
1	3683914
1	3683997
1	3684039
1	3684057
1	3684087
1	3684106
1	3684107
1	3684118
1	3684137
1	3687788
1	3687836
1	3687882
1	3687889
1	3687965
1	3688030
1	3688053
1	3688128
1	3688160
1	3688205
1	11734979
1	11735080
1	11735245
1	11735262
1	11735269
1	11735768
1	11735801
1	11735824
1	11735841
1	11735862
1	11735864
1	11735877
1	11736812
1	11736864
1	11737051
1	20440596
1	20440717
1	20442054
1	20442780
1	20442786
1	20442831
1	20442878
1	20442944
1	20446053
1	20446061
1	20446063
1	20446068
1	20446069
1	20446070
1	20446075
1	20446079
1	20446088
1	20446091
1	20446092
1	23110905
1	23111058
1	23189397
1	23189469
1	23189503
1	23189648
1	23189715
1	23189728
1	23191470
1	23191483
1	23191502
1	23191508
1	23191718
1	23191746
1	23208859
1	23208925
1	23219344
1	23221810
1	23221852
1	23221855
1	23221867
1	23221869
1	23221927
1	23222062
1	23222104
1	23222867
1	23222992
1	23233346
1	23235579
1	23236826
1	23236844
1	23237085
1	23237118
1	23238880
1	23239872
1	23239901
1	23239919
1	23240084
1	23240208
1	23240250
1	43868804
1	43869201
1	43869206
1	43869235
1	43869312
1	43870071
1	43880790
1	43882121
1	43882176
1	43885344
1	43885349
1	43885542
1	43885644
1	43885678
1	43885683
1	43885717
1	43886321
1	43886350
1	43886406
1	43886454
1	43886489
1	43886494
1	43887566
1	43887659
1	43887664
1	43887694
1	43887741
1	43888094
1	43888203
1	43888232
1	43888505
1	43888531
1	43888982
1	43890538
1	43890811
1	43890832
1	43890864
1	43891040
1	43891138
1	43891141
1	43891273
1	43891335
1	43891338
1	43891579
1	43891629
1	43891734
1	43891870
1	43892872
1	43893007
1	43893100
1	43893135
1	43893765
1	43893984
1	43894004
1	43894042
1	43895383
1	43895618
1	43895632
1	43895729
1	43895802
1	43895824
1	43896210
1	43896217
1	43896350
1	43896737
1	43897181
1	43897252
1	43897342
1	43897464
1	43897496
1	43897647
1	43898403
1	43898683
1	43898752
1	43900128
1	43900185
1	43900876
1	43901011
1	43902822
1	43902884
1	43903318
1	43903433
1	43903483
1	43903586
1	43903589
1	43904316
1	43904402
1	43904404
1	43904434
1	43904949
1	43904986
1	43905001
1	43905065
1	43905219
1	43905259
1	43905688
1	43905715
1	43905738
1	43906111
1	43906169
1	43906896
1	43906912
1	43907092
1	43907172
1	43907236
1	43907245
1	43907321
1	43907901
1	43907919
1	43907923
1	43907925
1	43907935
1	43907957
1	43908103
1	43908158
1	43908396
1	43908612
1	43909265
1	43909280
1	43909344
1	43911579
1	43911655
1	43911657
1	43911670
1	43911706
1	43911877
1	43912474
1	43912590
1	43912600
1	43912646
1	43913195
1	43913491
1	43913508
1	43914092
1	43914400
1	43915637
1	43915640
1	43915908
1	52819124
1	52819146
1	52819155
1	52819168
1	52819201
1	52819245
1	52819278
1	52819283
1	52819284
1	52819290
1	52819316
1	52820214
1	52820226
1	52820247
1	52820340
1	52820402
1	52820460
1	52820651
1	52821042
1	52821102
1	52821184
1	52821337
1	52821892
1	52821962
1	52822191
1	52822716
1	52822775
1	52823195
1	52823302
1	52823314
1	52823411
1	52823499
1	52823546
1	52823579
1	52823583
1	52823984
1	52824012
1	52824153
1	52824478
1	52824702
1	52824721
1	52824726
1	52824737
1	52824801
1	52824872
1	52825456
1	52825981
1	52825992
1	52826059
1	52826104
1	52826139
1	52826254
1	52826276
1	52826523
1	52826532
1	52826602
1	52827212
1	52828384
1	52830224
1	52830321
1	52830353
1	57320548
1	57320563
1	57320671
1	57333292
1	57333304
1	57333311
1	57333312
1	57333393
1	57333434
1	57340727
1	57340774
1	57341799
1	57341803
1	57341863
1	57341892
1	57346960
1	57346980
1	57347036
1	57347086
1	57347244
1	57347259
1	57347323
1	57349240
1	57349407
1	57349464
1	57351559
1	57351581
1	57351588
1	57351740
1	57372304
1	57372327
1	57372361
1	57372433
1	57372463
1	57372469
1	57372493
1	57373600
1	57373680
1	57373717
1	57373737
1	57373778
1	57373798
1	57373818
1	57378008
1	57378009
1	57378035
1	57378119
1	57378149
1	57378150
1	57378171
1	57378173
1	57378217
1	57378246
1	57378330
1	57378334
1	57378345
1	57378357
1	57378371
1	57383315
1	57383353
1	57383357
1	57383358
1	57383377
1	57383382
1	57383432
1	114448197
1	114448345
1	114450678
1	114453619
1	114453627
1	114454426
1	114454598
1	114454742
1	202300939
1	202300950
1	202300963
1	202301058
1	202301071
1	202301107
1	202301113
1	202301123
1	202301126
1	202301127
1	202302232
1	202302317
1	202302364
1	202302444
1	202302448
1	202302450
1	202302496
1	202304056
1	202304077
1	202304082
1	202304124
1	202304178
1	202304230
1	202304249
1	202304840
2	47630353
2	47630436
2	47637439
2	47643457
2	47643518
2	47643520
2	47643530
2	47656968
2	47656980
2	47657023
2	47657079
2	47657110
2	47657113
2	47657115
2	47690264
2	47690298
2	47690302
2	47702189
2	47703379
2	47703405
2	47703500
2	47703507
2	47703705
2	47705292
2	47705428
2	47705575
2	47707923
2	47707924
2	47707939
2	47708002
2	47708006
2	47708009
2	47708010
2	47708032
2	47708037
2	47708040
2	48018030
2	48018081
2	48018236
2	48018275
2	48018313
2	48018314
2	48023115
2	48025686
2	48025694
2	48025701
2	48025764
2	48025785
2	48025989
2	48026006
2	48026067
2	48026106
2	48026298
2	48026308
2	48026430
2	48026467
2	48026493
2	48026630
2	48026648
2	48027162
2	48027276
2	48027283
2	48027367
2	48027375
2	48027574
2	48027612
2	48027755
2	48027946
2	48028171
2	48028211
2	48028244
2	48028246
2	48030600
2	48030632
2	48030639
2	48030690
2	48030692
2	48030712
2	48030834
2	48030838
2	48032000
2	48032033
2	48032150
2	48032717
2	48032874
2	48032878
2	48032908
2	48032937
2	48033272
2	48033273
2	48033399
2	48033511
2	48033529
2	48033530
2	48033546
2	48033551
2	48033719
2	48033720
2	48033734
2	48033750
2	48033789
2	48033791
2	48033800
2	48033819
2	48033981
2	48033986
2	58388729
2	58390384
2	58390396
2	58390397
2	58390426
2	58390511
2	58390514
2	58390538
2	58390547
2	58390679
2	58392675
2	58392732
2	58392789
2	58392797
2	58392834
2	58392848
2	58392856
2	58425733
2	58425736
2	58431308
2	58449041
2	58453884
2	58453886
2	58453905
2	58453909
2	58453930
2	58459152
2	58459165
2	58459181
2	58459216
2	58459232
2	58459248
2	58459252
2	58459277
2	58468447
2	58468462
2	120124917
2	120125196
2	120125197
2	120125752
2	120125910
2	120125936
2	120128318
2	120128323
2	120128332
2	120128431
2	120128447
2	120129841
2	120129907
2	162851433
2	162851551
2	162851554
2	162851712
2	162851876
2	162851893
2	162862142
2	162862158
2	162862202
2	162862211
2	162862328
2	162865068
2	162865112
2	162865124
2	162865133
2	162865696
2	162865724
2	162865748
2	162865751
2	162865783
2	162865823
2	162865833
2	162868431
2	162870862
2	162870888
2	162870926
2	162871013
2	162873303
2	162875213
2	162875216
2	162875341
2	162875349
2	162875388
2	162875814
2	162875824
2	162875843
2	162875910
2	162881475
2	162890175
2	162890176
2	162890217
2	162891652
2	162891665
2	162891674
2	162891709
2	162891828
2	162891848
2	162894686
2	162894812
2	162894825
2	162894987
2	162894989
2	162895549
2	162895569
2	162903988
2	162903996
2	162904013
2	162929922
2	162929955
2	162929979
2	176958118
2	176958450
2	176959349
2	216974219
2	216977701
2	216977818
2	216977822
2	216977837
2	216977883
2	216977894
2	216981455
2	216981460
2	216981486
2	216981493
2	216982452
2	216982483
2	216982560
2	216983791
2	216983799
2	216983859
2	216983881
2	216983882
2	216986695
2	216986739
2	216986833
2	216990694
2	216990698
2	216990707
2	216990754
2	216990769
2	216990771
2	216990772
2	216995636
2	216995680
2	216995685
2	216995711
2	216995728
2	216996983
2	216996993
2	216997006
2	216997007
2	216997109
2	216997135
2	216997148
2	216997162
2	216997173
2	216997186
2	217001792
2	217001845
2	217001870
2	217001882
2	217001982
2	217001986
2	217002841
2	217002850
2	217002851
2	217005902
2	217005903
2	217005905
2	217005911
2	217006020
2	217006021
2	217006038
2	217006039
2	217006049
2	217012735
2	217012739
2	217012773
2	217012901
2	217012914
2	217012917
2	217012977
2	217013058
2	217013070
2	217024771
2	217024851
2	217024871
2	217024895
2	217026638
2	217026645
2	217026647
2	217026649
2	217026691
2	217026811
2	217054961
2	217055100
2	217057168
2	217057176
2	217057335
2	217057367
2	217057371
2	217059661
2	217059672
2	217059746
2	217059748
2	217069101
2	217069148
2	217069151
2	217069179
2	217069876
2	217542701
2	217542785
2	217542860
2	217542876
2	217543499
2	217543541
2	217543633
2	219941035
2	219941063
2	219941101
2	219941173
2	219941227
2	219941939
2	219941946
2	219942026
2	219942045
2	219942093
2	219942108
2	219942113
2	220011347
2	220011430
2	220011537
2	220012287
2	220012289
2	220012526
2	220012576
2	220022326
2	220022435
2	220023028
2	220023045
2	220466152
2	220466229
2	220466292
2	220466344
2	220466431
2	220466634
2	220467037
2	220467038
2	220467043
2	220467050
2	220467064
2	220467067
2	220467068
2	220467444
2	220467546
2	220470455
2	220470499
2	220470500
2	220470710
2	220471243
2	220471252
2	220471854
2	220471873
2	220471876
2	220471879
2	220471884
2	220471902
2	220471915
2	220473355
2	220473929
2	220473943
2	220473998
2	220474048
2	220474315
2	220476287
2	220476293
2	220476306
2	220477804
2	220478593
2	220478600
2	220478602
2	220478605
2	220478941
2	220479686
2	220479787
2	220479894
2	220479951
2	220480009
2	220480033
2	220480043
2	220480046
2	220480924
2	220480925
2	237233400
2	237233447
2	237233462
2	237233476
2	237239930
2	237240009
2	237240262
2	237246664
2	237246665
2	237246670
2	237246677
2	237246738
2	237246803
2	237246827
2	237246927
2	237246931
2	237253171
2	237253172
2	237253304
2	237272420
2	237272570
2	237272582
2	237272630
2	237276817
2	237276881
2	237285889
2	237289197
2	237289263
2	237300648
2	237300677
2	237300701
2	237300843
2	237300855
2	237307967
2	237307982
2	237308066
2	237349715
2	237349758
2	237349797
2	237349811
2	237373960
2	237373961
2	237374023
2	237374060
2	237374287
2	237374309
2	237396572
2	237396587
2	237396748
2	237402564
2	237402565
2	237402573
2	237402611
2	237402612
2	237405624
2	237405632
2	237405689
2	237405693
2	237405713
2	237405766
2	237405878
2	237406091
2	237406113
2	237412120
2	237412168
3	10070262
3	10070290
3	10070298
3	10070336
3	10070417
3	10070427
3	10070449
3	10070454
3	10070469
3	10074646
3	10076150
3	10076192
3	10076228
3	10076232
3	10076326
3	10076340
3	10076369
3	10076965
3	10076971
3	10077943
3	10077955
3	10078005
3	10080929
3	10080940
3	10080950
3	10080987
3	10081020
3	10081055
3	10081098
3	10081117
3	10081374
3	10081411
3	10081426
3	10081443
3	10081525
3	10081545
3	10081551
3	10081572
3	10083421
3	10084224
3	10084355
3	10084378
3	10084828
3	10085035
3	10085130
3	10085153
3	10085223
3	10088330
3	10088332
3	10094013
3	10094159
3	10094276
3	10094307
3	10094311
3	10102019
3	10102041
3	10102078
3	10102105
3	10102125
3	10106539
3	10107087
3	10107495
3	10107508
3	10107520
3	10107578
3	10107617
3	10107654
3	10107661
3	10107665
3	10107699
3	10108911
3	10115019
3	10115033
3	10115043
3	10115074
3	10116162
3	10116172
3	10116208
3	10119751
3	10119752
3	10119757
3	10119778
3	10119845
3	10122739
3	10122745
3	10122758
3	10122832
3	10122842
3	10122890
3	10122927
3	10123063
3	10123070
3	10123125
3	10123148
3	10127470
3	10127514
3	10127542
3	10130222
3	10130266
3	10130267
3	10130341
3	10130364
3	10130399
3	10130470
3	10130516
3	10131943
3	10131959
3	10132028
3	10133949
3	10134952
3	10136073
3	10136817
3	10136920
3	10136988
3	10136993
3	10137008
3	10137020
3	10137023
3	10137033
3	10138032
3	10138069
3	10138154
3	10138155
3	10138158
3	10140257
3	10140344
3	10140570
3	10140647
3	10140671
3	10140672
3	10140676
3	10142841
3	10142949
3	37035032
3	37035080
3	37038160
3	37045820
3	37045863
3	37045946
3	37045987
3	37050254
3	37050325
3	37053486
3	37053505
3	37053528
3	37053550
3	37053568
3	37053625
3	37055975
3	37058934
3	37058951
3	37058952
3	37058954
3	37059068
3	37059106
3	37059129
3	37061779
3	37061796
3	37067306
3	37067410
3	37070106
3	37070221
3	37070393
3	37081656
3	37081661
3	37083840
3	37083848
3	37088991
3	37089037
3	37089086
3	37089130
3	37089131
3	37090070
3	37090451
3	37090501
3	37090508
3	37090526
3	37092019
3	37092025
3	37512575
3	37512606
3	37512646
3	37512647
3	37514809
3	37514842
3	37522828
3	37522831
3	37522875
3	37522898
3	37523076
3	37523079
3	37535984
3	37536020
3	37536056
3	37536097
3	37544737
3	37547444
3	37547453
3	37547461
3	37547501
3	37547523
3	37547549
3	37547553
3	37547623
3	37547624
3	37549983
3	37550070
3	37550071
3	37550075
3	37550177
3	37555218
3	37555282
3	37555387
3	37555408
3	37555427
3	37559040
3	37559145
3	37559151
3	37560675
3	37560676
3	37560680
3	37560708
3	37560727
3	37560735
3	37560813
3	37560819
3	37560842
3	37564956
3	37565004
3	37565072
3	37565110
3	37565130
3	37565153
3	37567630
3	37583941
3	37584049
3	37584061
3	37584086
3	37670670
3	37670679
3	37670694
3	37670707
3	37670752
3	37670876
3	37695260
3	37695304
3	37725515
3	37774052
3	37774054
3	37774056
3	37774059
3	37774130
3	37774138
3	37774257
3	37774340
3	37774342
3	37774356
3	37774360
3	37774363
3	37774388
3	37774394
3	37774395
3	37774398
3	37774399
3	37774469
3	37774470
3	37774475
3	37778324
3	37778481
3	37778528
3	37778536
3	37783192
3	37783209
3	37783235
3	37783344
3	37785374
3	37785454
3	37819040
3	37821351
3	37821368
3	37821402
3	37821466
3	37821474
3	37821516
3	37821519
3	37821526
3	37821542
3	37845356
3	37845391
3	37845418
3	37860417
3	37860424
3	142168274
3	142168282
3	142172019
3	142172024
3	142172028
3	142176383
3	142176557
3	142176571
3	142176574
3	142176575
3	142176576
3	142177650
3	142177674
3	142177736
3	142177793
3	142177866
3	142178003
3	142178071
3	142178080
3	142178118
3	142178144
3	142180869
3	142180916
3	142180969
3	142180974
3	142185343
3	142185344
3	142185362
3	142185363
3	142185377
3	142185382
3	142185385
3	142185394
3	142188151
3	142188170
3	142188222
3	142188237
3	142188379
3	142188390
3	142188392
3	142188400
3	142188401
3	142188883
3	142188892
3	142188898
3	142188903
3	142188914
3	142188928
3	142188965
3	142188981
3	142189002
3	142204011
3	142204013
3	142211974
3	142212021
3	142212029
3	142212034
3	142212051
3	142212057
3	142212065
3	142212102
3	142215810
3	142215992
3	142217534
3	142217537
3	142218543
3	142218557
3	142222087
3	142222139
3	142222145
3	142222156
3	142222284
3	142223958
3	142223980
3	142224018
3	142226711
3	142226722
3	142226730
3	142226833
3	142231108
3	142232343
3	142232378
3	142232385
3	142232406
3	142232408
3	142232427
3	142238536
3	142238550
3	142238570
3	142241698
3	142242935
3	142242985
3	142242996
3	142253994
3	142254008
3	142254055
3	142255063
3	142255077
3	142255090
3	142255122
3	142257470
3	142259726
3	142259786
3	142259800
3	142259813
3	142259814
3	142259875
3	142259884
3	142259890
3	142259898
3	142259907
3	142259908
3	142261505
3	142266439
3	142266473
3	142266514
3	142266533
3	142266537
3	142266587
3	142266683
3	142266727
3	142266770
3	142266778
3	142266796
3	142268445
3	142268449
3	142268503
3	142268505
3	142268956
3	142269004
3	142269075
3	142269076
3	142269078
3	142269086
3	142269106
3	142269127
3	142269150
3	142271953
3	142272098
3	142272207
3	142272221
3	142272230
3	142272607
3	142274667
3	142274712
3	142274761
3	142274841
3	142274851
3	142274855
3	142274892
3	142274937
3	142274994
3	142277536
3	142277630
3	142277648
3	142277675
3	142278071
3	142278145
3	142278335
3	142279079
3	142280108
3	142280204
3	142280219
3	142280237
3	142280238
3	142281050
3	142281260
3	142281551
3	142281612
3	142281747
3	142281807
3	142284977
3	142284983
3	142284987
3	142284992
3	142285017
3	142285039
3	142285048
3	142285059
3	142285069
3	142285092
3	148711916
3	148712019
3	148712035
3	148714060
3	148714104
3	148714120
3	148714412
3	148714649
3	148714662
3	148714668
3	148727061
3	148727133
3	148727217
3	148741874
3	148744197
3	148744198
4	47853117
4	47853151
4	47853165
4	47853189
4	47853202
4	47853843
4	47853895
4	47853989
4	47864742
4	47864759
4	47864875
4	47881146
4	47881167
4	47881191
4	47881245
4	47886319
4	47886427
4	47886470
4	47886475
4	47887467
4	47887536
4	47887633
4	47887736
4	47887991
4	47888019
4	47892583
4	47892711
4	47896161
4	47896174
4	47896215
4	47896230
4	47896238
4	47898491
4	47898523
4	47898575
4	47898663
4	47905296
4	47905327
4	47915956
4	47915972
4	47916049
4	47916050
4	47916066
4	47916067
4	47916091
4	47916119
4	57265262
4	57265264
4	57265270
4	57265274
4	57265282
4	57265299
4	57265324
4	57265340
4	57265555
4	57266932
4	57266959
4	57267124
4	57267197
4	57267613
4	57267625
4	57269601
4	57269603
4	57272598
4	57272731
4	57272775
4	57273840
4	57273847
4	57273917
4	57301411
4	57301436
4	57301483
4	110769309
4	110769344
4	110769345
4	110769387
4	110769448
4	110769466
4	110772627
4	110772711
4	110772801
4	110772815
4	110772823
4	110772874
4	110773048
4	110773049
4	110773054
4	110773067
4	110773108
4	110773138
4	110788739
4	110788909
4	110789015
4	110789140
4	110789141
4	110790911
4	110791064
4	110791087
4	110791095
4	110791131
4	110791413
4	110791414
4	110791453
4	110791485
4	110791543
4	110791544
4	110791654
4	110791806
4	110791826
4	110791896
4	110791952
4	110791953
4	155155731
4	155155793
4	155155904
4	155155914
4	155156081
4	155156207
4	155156247
4	155156380
4	155156381
4	155156412
4	155156542
4	155156592
4	155156750
4	155156751
4	155156875
4	155156965
4	155157015
4	155157067
4	155157114
4	155157143
4	155157160
4	155157231
4	155157412
4	155157531
4	155157605
4	155157871
4	155157953
4	155157961
4	155158010
4	155158104
4	155158210
4	155158259
4	155158284
4	155161656
4	155161666
4	155161679
4	155161887
4	155161910
4	155163725
4	155163732
4	155163744
4	155163777
4	155163783
4	155163784
4	155163847
4	155163910
4	155176835
4	155180565
4	155180584
4	155180678
4	155180724
4	155181014
4	155191126
4	155191162
4	155191193
4	155191194
4	155191270
4	155218941
4	155219005
4	155219027
4	155219037
4	155219318
4	155219351
4	155219361
4	155219373
4	155219382
4	155219428
4	155219465
4	155219467
4	155219549
4	155219662
4	155219746
4	155219775
4	155219784
4	155219788
4	155219793
4	155219803
4	155219829
4	155219886
4	155225736
4	155225739
4	155225766
4	155225784
4	155225951
4	155226287
4	155226311
4	155226421
4	155236962
4	155237027
4	155237036
4	155237039
4	155237089
4	155237097
4	155237152
4	155237153
4	155237166
4	155237168
4	155237174
4	155241438
4	155241572
4	155241735
4	155242011
4	155242207
4	155243369
4	155243430
4	155243447
4	155243573
4	155243603
4	155243604
4	155243612
4	155243649
4	155243650
4	155243653
4	155243710
4	155249272
4	155249289
4	155250556
4	155250570
4	155250660
4	155250701
4	155250786
4	155250839
4	155250842
4	155252753
4	155253661
4	155253684
4	155253742
4	155254136
4	155254180
4	155254215
4	155254246
4	155254256
4	155254265
4	155254267
4	155254269
4	155254387
4	155254398
4	155255954
4	155256177
4	155256205
4	155264427
4	155264465
4	155264550
4	155264637
4	155264719
4	155278439
4	155278473
4	155287317
4	155287340
4	155287342
4	155287355
4	155287502
4	155287503
4	155287504
4	155287506
4	155287510
4	155287535
4	155287584
4	155287612
4	155294983
4	155295015
4	155295049
4	155295166
4	155298320
4	155298536
4	155305341
4	155305451
4	155305491
4	155305498
4	155312272
4	155312286
4	155312311
4	155312353
4	155312389
4	155312408
4	155312443
4	155410356
4	155410407
4	155410409
4	155410504
4	155410599
4	155410650
4	155410667
4	155410678
4	155410731
4	155410822
4	155410909
4	155410926
4	155411024
4	155411104
4	155411212
4	155411234
4	155412180
4	155412405
5	6737571
5	6737576
5	6737775
5	6737779
5	6739716
5	6739736
5	6739791
5	6739825
5	6740005
5	6740041
5	6740043
5	6742588
5	6742735
5	6746240
5	6746247
5	6746258
5	6746550
5	6746648
5	6748518
5	6748659
5	6749587
5	6749590
5	6749622
5	6749639
5	6749804
5	6750448
5	6750558
5	6750580
5	6751208
5	6753013
5	6754682
5	6754713
5	6754762
5	6754779
5	6754803
5	56161513
5	56161632
5	56168499
5	56168510
5	56168530
5	56170758
5	56170813
5	56174891
5	56174922
5	56174925
5	56176496
5	56176594
5	56177011
5	56177098
5	56177372
5	56177582
5	56177642
5	56177656
5	56177743
5	56177784
5	56177823
5	56177848
5	56177979
5	56178085
5	56178429
5	56178615
5	56178617
5	56178634
5	56178648
5	56178666
5	56178698
5	56179321
5	56179332
5	56179341
5	56179441
5	56179465
5	56179470
5	56180480
5	56180646
5	56180654
5	56180656
5	56180672
5	56183323
5	56183381
5	56183413
5	56184181
5	56189315
5	56189362
5	56189383
5	56189445
5	56189461
5	56189464
5	56189466
5	56189490
5	56189507
5	56189509
5	82406944
5	82407014
5	82407036
5	82407037
5	82407049
5	82407063
5	82407070
5	82407073
5	82407074
5	82407098
5	82407101
5	82407105
5	82491674
5	82491697
5	82500692
5	82500734
5	82554317
5	82554375
5	82606551
5	82606628
5	82606698
5	82648781
5	82648785
5	82648800
5	82648828
5	82648883
5	82648889
5	82648977
5	82649026
5	82649057
6	35420628
6	35420719
6	35423662
6	35423827
6	35423886
6	35424067
6	35425263
6	35425274
6	35425300
6	35425416
6	35425990
6	35426048
6	35426122
6	35426175
6	35427241
6	35430558
6	35430645
6	35430686
6	35430718
6	35430727
6	35434010
6	35434083
6	35434099
6	35434121
6	90642117
6	90647759
6	90647760
6	90647773
6	90660169
6	90660319
6	90660485
6	90660573
6	90660581
6	90660846
6	90660928
6	90661242
6	90718396
6	90718429
6	90718549
6	90718594
6	111621182
6	111621282
6	111621320
6	111621340
6	111621382
6	111628597
6	111628771
6	111630937
6	111630939
6	111630974
6	111631068
6	111631142
6	111631198
6	111631243
6	111631293
6	111631308
6	111632182
6	111632230
6	111632234
6	111632247
6	111632252
6	111632420
6	111650833
6	111650927
6	111650965
6	111652847
6	111652855
6	111652946
6	111652956
6	111654372
6	111665248
6	111665259
6	111665318
6	111670318
6	111670339
6	111670437
6	111672951
6	111672976
6	111672986
6	111678131
6	111678225
6	111678231
6	111678232
6	111679869
6	111679888
6	111679930
6	111679966
6	111680144
6	111680156
6	111685036
6	111685072
6	111685151
6	111685193
6	111685203
6	111688170
6	111688209
6	111688215
6	111688236
6	111688635
6	111688670
6	111688680
6	111688681
6	111688682
6	111688707
6	111688927
6	111689004
6	111693724
6	111693768
6	111694105
6	111694114
6	111694124
6	111694187
6	111694343
6	111694395
6	111694487
6	111694489
6	111694493
6	111694908
6	111695268
6	111695281
6	111695344
6	111695631
6	111695653
6	111695887
6	111695899
6	111696050
6	111696091
6	111696129
6	111696130
6	111696132
6	111696203
6	111696257
6	111696336
6	111696370
6	111696392
6	111696437
6	111696466
6	111696852
6	111697189
6	111697193
6	111697203
6	111697320
6	111697546
6	111697655
6	111697684
6	111697733
6	111702556
6	111702604
6	111708856
6	111708874
6	111708884
6	111708895
6	111708914
6	111709050
6	111709089
6	111709213
6	111710335
6	111710353
6	111711339
6	111711371
6	111711386
6	111711388
6	111711394
6	111726691
6	111737414
6	111737671
6	111737672
6	152163606
6	152163656
6	152163716
6	152163757
6	152201762
6	152201798
6	152201824
6	152201875
6	152201953
6	152265398
6	152265432
6	152265483
6	152265659
6	152332744
6	152332780
6	152332825
6	152332853
6	152332884
6	152332910
6	152332941
6	152332953
6	152419719
6	152419749
6	152420026
6	152420095
7	6017189
7	6017232
7	6026530
7	6026685
7	6026775
7	6029563
7	6029628
7	6029637
7	6031675
7	6031676
7	6038703
7	6038722
7	6042180
7	6042305
7	6042347
7	6042349
7	6045385
7	6048520
7	6048522
7	6048556
7	6048597
7	6048609
7	6048618
7	6048703
7	16832505
7	16832528
7	16832644
7	16834523
7	16834543
7	16834551
7	16834582
7	16834597
7	16834679
7	16834690
7	16837248
7	16837249
7	16837404
7	16839315
7	16839341
7	16839358
7	16839368
7	16840774
7	16840815
7	16840997
7	16841063
7	16841440
7	122337869
7	122338037
7	122338059
7	122338234
7	122338239
7	122338252
7	122338255
7	122338299
7	122338343
7	122338615
7	122338639
7	122338731
7	122338831
7	122338930
7	122338970
7	152345726
7	152345762
7	152345950
8	6266774
8	6266783
8	6266785
8	6266867
8	6266909
8	6272138
8	6272156
8	6272164
8	6272167
8	6272185
8	6272220
8	6272230
8	6272353
8	6293527
8	6293611
8	6293680
8	6296514
8	6296550
8	6296609
8	6296649
8	6299644
8	6299652
8	6299656
8	6299671
8	6299679
8	6299683
8	6302033
8	6302418
8	6302469
8	6302493
8	6302495
8	6302612
8	6302627
8	6302671
8	6302701
8	6302941
8	6302964
8	6302971
8	6302981
8	6303025
8	6303028
8	6312683
8	6312709
8	6312735
8	6335103
8	6335111
8	6335208
8	6338306
8	6338422
8	6357307
8	6357433
8	6357434
8	6357449
8	6357450
8	6357463
8	6357466
8	6478956
8	6478957
8	6478960
8	6478986
8	6479042
8	6500532
8	32463004
8	32463062
8	32463065
8	32463079
8	32463105
8	32463137
8	32463146
8	32463178
8	32463206
8	32463216
8	32471976
8	32471982
8	32472019
8	32472023
8	32474344
8	32474358
8	32474446
8	32474449
8	32474462
8	32474481
8	32505337
8	32505372
8	32505390
8	32505595
8	32505615
8	32505633
8	32585361
8	32585412
8	32585423
8	32585464
8	32599476
8	32599545
8	32599586
8	32599587
8	32599651
8	32599654
8	32600266
8	32600269
8	32600302
8	32600348
8	32611839
8	32611970
8	32613930
8	32613983
8	32616886
8	32617632
8	32617640
8	32617643
8	32617752
8	32617888
8	32620692
8	32620699
8	32620720
8	32620843
8	32620872
8	32621247
8	32621346
8	32621362
8	32621421
8	32621630
8	32621637
8	32621655
8	32621805
8	32621844
8	48686618
8	48686651
8	48686653
8	48686796
8	48686942
8	48689366
8	48689449
8	48689454
8	48689499
8	48689528
8	48689529
8	48689535
8	48689551
8	48689573
8	48690931
8	48690935
8	48690941
8	48690955
8	48690968
8	48691064
8	48691068
8	48691175
8	48691198
8	48691244
8	48691554
8	48691582
8	48691637
8	48691645
8	48691675
8	48691677
8	48694614
8	48694660
8	48694884
8	48694890
8	48694998
8	48695018
8	48695175
8	48695210
8	48695211
8	48696249
8	48696360
8	48696412
8	48697592
8	48697752
8	48697830
8	48697839
8	48710880
8	48710955
8	48710970
8	48711857
8	48713250
8	48713457
8	48713510
8	48713557
8	48715854
8	48715855
8	48719844
8	48719895
8	48729951
8	48729959
8	48729960
8	48730053
8	48730122
8	48733354
8	48733384
8	48733388
8	48733399
8	48733471
8	48733479
8	48733491
8	48734205
8	48736379
8	48736508
8	48736514
8	48736516
8	48739063
8	48739066
8	48739305
8	48743236
8	48744473
8	48746836
8	48748920
8	48749039
8	48749988
8	48749989
8	48749993
8	48749995
8	48752517
8	48752535
8	48752594
8	48752690
8	48752739
8	48761668
8	48761675
8	48761840
8	48766714
8	48769691
8	48769846
8	48769853
8	48770975
8	48770983
8	48771028
8	48771116
8	48771243
8	48771414
8	48771537
8	48772014
8	48772057
8	48772312
8	48772402
8	48772414
8	48773447
8	48773467
8	48773572
8	48774552
8	48774553
8	48774568
8	48774573
8	48774580
8	48774581
8	48774617
8	48774640
8	48774704
8	48774710
8	48774734
8	48774918
8	48775016
8	48776164
8	48776189
8	48777171
8	48777271
8	48777285
8	48777286
8	48777288
8	48777317
8	48777322
8	48793915
8	48794014
8	48794444
8	48794450
8	48794480
8	48794623
8	48794670
8	48794679
8	48794725
8	48794773
8	48800245
8	48800264
8	48801040
8	48801066
8	48801087
8	48801133
8	48801480
8	48801554
8	48802702
8	48802719
8	48802740
8	48802803
8	48802807
8	48802821
8	48805582
8	48805588
8	48805618
8	48805687
8	48805697
8	48805760
8	48805788
8	48805903
8	48809723
8	48810982
8	48811001
8	48811002
8	48811006
8	48811008
8	48811043
8	48811118
8	48811193
8	48811194
8	48812982
8	48813018
8	48813022
8	48813024
8	48813027
8	48813044
8	48813080
8	48815082
8	48815093
8	48815102
8	48815157
8	48815333
8	48825012
8	48825015
8	48825050
8	48826324
8	48826381
8	48826382
8	48826564
8	48827882
8	48827888
8	48827970
8	48827976
8	48828019
8	48828037
8	48828039
8	48828041
8	48830871
8	48830891
8	48839881
8	48840460
8	48840480
8	48840491
8	48841708
8	48842503
8	48842554
8	48842584
8	48842655
8	48846519
8	48846609
8	48848732
8	48848733
8	48848846
8	48848876
8	48848979
8	48849106
8	48849118
8	48851936
8	48851957
8	48851993
8	48852008
8	48852224
8	48852225
8	48852245
8	48855764
8	48855791
8	48855845
8	48855864
8	48855936
8	48856474
8	48856487
8	48856599
8	48856622
8	48866189
8	48866394
8	48866492
8	48869846
8	48869927
8	48869951
8	90949166
8	90949227
8	90949352
8	90949361
8	90949364
8	90949376
8	90949377
8	90949391
8	90955552
8	90955561
8	90955570
8	90958334
8	90958335
8	90958336
8	90958399
8	90958422
8	90958530
8	90959983
8	90960043
8	90960084
8	90960117
8	90960120
8	90965417
8	90965419
8	90965531
8	90965793
8	90967511
8	90967581
8	90971007
8	90976747
8	90976777
8	90976781
8	90976799
8	90976822
8	90976823
8	90976824
8	90983371
8	90983502
8	90990379
8	90990386
8	90990479
8	90990521
8	90990533
8	90990591
8	90990595
8	90990599
8	90993061
8	90993150
8	90994817
8	90994885
8	90994906
8	90995017
8	90995019
8	120942101
8	120942178
8	120977432
8	120977489
8	120977644
8	120977677
8	121013770
8	121015268
8	121015349
8	121015361
8	121015402
8	121019040
8	121019092
8	121021334
8	121021416
8	121061829
8	121061879
8	121061951
8	121061961
9	35074072
9	35074451
9	35074513
9	35074917
9	35075022
9	35075050
9	35075594
9	35075887
9	35075891
9	35075969
9	35076755
9	35076764
9	35076975
9	35077055
9	35077249
9	35077441
9	35079284
9	35079361
9	35079540
9	97863864
9	97863873
9	97863947
9	97863963
9	97863984
9	97869279
9	97869456
9	97869536
9	97869554
9	97873339
9	97873427
9	97873957
9	97877010
9	97887317
9	97887322
9	97887391
9	97887486
9	97888708
9	97888730
9	97912174
9	97912175
9	97912259
9	97933308
9	97933340
9	97933353
9	97933410
9	97934287
9	97934359
9	97934367
9	97934370
9	97934406
9	97934451
9	97934454
9	98009654
9	98009694
9	98009786
9	98009794
9	98011294
9	98011305
9	98011321
9	98011497
9	98011506
9	131267212
9	131271271
9	131277769
9	131277840
9	131277903
9	131285907
9	131285955
9	131285959
9	131287520
9	131287573
9	131287587
9	131287642
9	131289829
9	131289831
9	131289860
9	131289865
9	131295833
9	131295840
9	131295847
9	131295870
9	131298502
9	131298590
9	131298612
9	131298693
9	131301891
9	131301938
9	131302013
9	131302528
9	131303308
9	131303522
9	135139610
9	135139782
9	135139826
9	135139901
9	135139936
9	135140185
9	135144930
9	135145035
9	135145123
9	135150461
9	135150546
9	135150583
9	135150597
9	135150616
9	135150620
9	135150664
9	135150725
9	135150728
9	135150743
9	135150834
9	135152395
9	135152400
9	135152439
9	135152456
9	135153668
9	135153673
9	135156779
9	135156873
9	135156877
9	135158619
9	135158690
9	135161861
9	135171245
9	135171261
9	135171325
9	135171367
9	135172412
9	135173613
9	135175900
9	135175915
9	135176029
9	135201931
9	135202013
9	135202033
9	135202162
9	135202230
9	135202248
9	135202383
9	135202406
9	135202410
9	135202412
9	135202571
9	135202613
9	135202763
9	135202788
9	135202829
9	135203176
9	135203231
9	135203530
9	135203553
9	135203910
9	135204010
9	135204508
9	135204522
9	135204528
9	135204540
9	135204548
9	135204769
9	135204794
9	135204820
9	135204841
9	135205006
9	135205144
9	135205189
9	135205351
9	135206742
9	135209993
9	135210032
9	135210069
9	135210115
9	135210118
9	135211790
9	135211830
9	135218047
9	135218057
9	135218103
9	135218166
9	135221716
9	135221724
9	135221726
9	135221828
9	135221842
9	135221850
9	135221854
9	135224739
9	135224757
9	136028849
9	136029234
9	136029295
9	136029301
9	136029312
9	136029401
9	136029474
9	136029520
9	136030519
9	136030573
9	136030688
9	136030696
9	136030716
9	136031257
9	136031315
9	136031346
9	136031370
9	136031409
9	136036783
9	136036799
9	136037838
9	136037845
9	136037851
9	136037855
9	136037872
9	136037881
10	14950395
10	14950485
10	14950514
10	14950572
10	14950593
10	14950874
10	14951243
10	14951246
10	14961600
10	14961708
10	14961792
10	14964938
10	14965033
10	14965056
10	14968804
10	14968855
10	14976414
10	14981816
10	14987109
10	14987123
10	14987161
10	14991099
10	14991114
10	14991139
10	50667021
10	50667105
10	50667116
10	50667120
10	50667312
10	50669394
10	50669459
10	50669486
10	50678212
10	50678232
10	50678317
10	50678347
10	50678356
10	50678369
10	50678528
10	50678534
10	50678717
10	50678722
10	50678882
10	50678911
10	50678921
10	50679081
10	50680422
10	50680471
10	50680523
10	50680526
10	50680530
10	50681033
10	50681043
10	50681651
10	50681658
10	50682081
10	50682267
10	50682281
10	50686356
10	50686399
10	50686505
10	50686540
10	50686554
10	50686557
10	50686565
10	50691293
10	50691306
10	50691360
10	50701137
10	50701139
10	50701156
10	50701212
10	50701310
10	50713808
10	50713888
10	50713895
10	50713909
10	50713976
10	50714098
10	50714100
10	50731995
10	50732068
10	50732074
10	50732139
10	50732202
10	50732247
10	50732280
10	50732285
10	50732318
10	50732710
10	50732789
10	50740541
10	50740600
10	50740626
10	50740662
10	50740827
10	50740861
10	50740864
10	50740876
10	50740981
10	50741041
10	50741083
10	89624184
10	89624218
10	89624255
10	89624315
10	89685257
10	89692932
10	89692947
10	89711832
10	89711838
10	89711891
10	89711922
10	89711956
10	89717589
10	89717626
10	89717633
10	89717678
10	96093937
10	96093965
10	96093970
10	96093976
10	96093979
10	96093999
10	96094440
10	96094444
10	96094445
10	96094447
10	96097644
10	96098209
10	96098348
10	96098373
10	96098493
10	96099374
10	96099472
10	96099607
10	96100084
10	96100094
10	96100105
10	96100157
10	96100298
10	96100307
10	96100308
10	96100318
10	96104567
10	96104602
10	96104621
10	96104627
10	96104665
10	96104677
10	96104680
10	96104681
10	96104683
10	96104690
10	96104692
10	96104711
10	96104712
10	96104714
10	96109865
10	96109888
10	96110002
10	96110014
10	96110026
10	96110028
10	96110056
10	96110064
10	96112768
10	96114718
10	96114730
10	96114734
10	96114751
10	96114804
10	96114815
10	96116817
10	96116820
10	96116864
10	96117034
10	96117038
10	96117054
10	96117065
10	96117075
10	96117097
10	96121307
10	96121354
10	96121486
10	96121503
10	96121505
10	96121511
10	96121533
10	96121618
10	96122543
10	96122556
10	96122659
10	96122681
10	123239047
10	123239112
10	123239141
10	123239144
10	123239151
10	123239166
10	123239187
10	123239211
10	123239388
10	123243197
10	123244914
10	123245077
10	123247434
10	123247462
10	123247550
10	123247644
10	123247669
10	123247673
10	123256163
10	123256248
10	123258109
10	123263441
10	123263478
10	123274581
10	123274604
10	123276947
10	123278248
10	123278308
10	123278337
10	123279595
10	123298076
10	123298158
10	123298239
10	123310871
10	123310878
10	123310961
10	123310963
10	123323962
10	123324889
10	123325034
10	123325053
10	123325158
10	123325169
10	123325244
10	123325272
10	123353171
10	123353206
10	123353213
10	123353315
10	123353377
11	22646126
11	22646138
11	22646142
11	22646303
11	22646398
11	22646467
11	22646474
11	22646532
11	22646571
11	22646733
11	22646800
11	22647147
11	22647171
11	22647209
11	22647261
11	22647366
11	67232014
11	67232106
11	67232149
11	67234745
11	67235488
11	67235538
11	67235552
11	69457967
11	69457974
11	69458697
11	69458760
11	69458766
11	69458769
11	69458770
11	69458851
11	69458915
11	69462675
11	69462729
11	69462730
11	69462836
11	69462856
11	69462910
11	108099888
11	108099894
11	108099903
11	108106403
11	108106410
11	108106443
11	108106475
11	108106524
11	108106548
11	108114729
11	108114793
11	108114825
11	108114840
11	108115476
11	108115487
11	108115522
11	108115527
11	108115534
11	108115587
11	108115608
11	108115610
11	108115612
11	108117629
11	108117632
11	108117677
11	108117691
11	108117699
11	108117768
11	108117782
11	108121309
11	108121692
11	108122700
11	108122784
11	108123584
11	108124628
11	108124692
11	108124695
11	108124716
11	108124722
11	108124727
11	108127089
11	108127101
11	108128166
11	108128246
11	108128290
11	108139120
11	108139129
11	108139257
11	108139296
11	108143299
11	108143331
11	108143414
11	108143432
11	108143440
11	108150229
11	108150249
11	108150264
11	108150276
11	108150279
11	108153567
11	108155233
11	108155240
11	108155248
11	108160454
11	108160488
11	108160489
11	108160506
11	108160516
11	108163487
11	108163488
11	108163494
11	108168028
11	108168029
11	108168039
11	108168053
11	108168084
11	108168130
11	108170373
11	108170444
11	108178712
11	108178738
11	108180940
11	108183167
11	108183194
11	108186610
11	108186874
11	108187990
11	108188014
11	108188034
11	108188054
11	108188101
11	108191988
11	108192019
11	108192137
11	108192141
11	108192146
11	108196153
11	108196170
11	108196235
11	108196236
11	108196238
11	108196240
11	108196712
11	108196763
11	108198337
11	108199845
11	108200953
11	108201023
11	108202058
11	108202084
11	108202259
11	108202332
11	108202772
11	108205832
11	108206649
11	108206651
11	108206653
11	108206716
11	108216546
11	108216583
11	108224468
11	108224471
11	108224615
11	108225473
11	108225586
11	108235783
11	108235806
11	108235880
11	108235881
11	108236189
11	110070293
11	110070308
11	110070319
11	110070346
11	110070352
11	110103909
11	110103924
11	110103932
11	110104062
11	110108173
11	110108271
11	110118336
11	110118350
11	110118356
11	110118364
11	110118370
11	110118490
11	110118503
11	110118512
11	110124738
11	110124813
11	110126034
11	110126046
11	110126051
11	110126088
11	110128794
11	110128817
11	110128818
11	110128819
11	110128935
11	110128959
11	110128968
11	110128976
11	110134762
11	110134842
11	110134846
11	110135434
11	110135462
11	110135590
11	110135637
11	119508756
11	119508783
11	119508832
11	119508845
11	119509342
11	119509412
11	119509485
11	119509489
11	119510644
11	119535948
11	119545220
11	119545224
11	119545225
11	119545230
11	119545312
11	119545821
11	119545830
11	119545884
11	119547878
11	119547972
11	119548052
11	119548081
11	119548089
11	119548252
11	119548363
11	119548369
11	119548402
11	119549273
11	119549526
11	119549528
11	119549545
11	129979305
11	129979419
11	129980404
11	129980517
11	129980550
11	129980556
11	129980566
11	129990587
11	129990685
11	129990725
11	129991364
11	129991385
11	129991388
11	129991419
11	129991615
11	129991652
11	129991694
11	129992017
11	129992034
11	129992035
11	129992104
11	129992160
11	129992161
11	129992163
11	129992368
11	129992417
11	129993793
11	129993823
11	129996662
11	129996693
11	129996714
11	129996719
11	129996737
11	129996738
11	129996742
11	129997817
11	129998967
11	130000091
11	130000095
11	130000104
11	130003494
11	130003637
11	130003655
11	130003693
11	130003694
11	130005411
11	130005519
11	130005529
11	130005552
11	130005588
11	130007034
11	130007062
11	130007158
11	130010278
11	130010313
11	130010320
11	130010387
11	130010433
11	130011371
11	130011682
11	130011795
11	130013358
11	130013369
11	130013388
12	2967684
12	2967685
12	2967770
12	2967772
12	2967835
12	2968431
12	2968625
12	2968682
12	2968748
12	2970396
12	2970406
12	2970409
12	2970450
12	2973495
12	2973517
12	2973547
12	2973570
12	2973600
12	2973615
12	2973891
12	2975643
12	2975655
12	2977869
12	2977954
12	2977966
12	2977969
12	2981233
12	2981378
12	2983090
12	2983125
12	2983155
12	2983167
12	2983579
12	21623969
12	21624308
12	21624309
12	21624396
12	21624522
12	21624546
12	21624569
12	21626633
12	21627613
12	21627672
12	21627712
12	21628388
12	21628437
12	21628536
12	21628600
12	21628602
12	21628620
12	21628663
12	21628705
12	21628714
12	21628720
12	21628755
12	21629853
12	21629858
12	21629859
12	21629888
12	21629914
12	21629928
12	21630795
12	21630811
12	21636189
12	21636190
12	21636241
12	21636269
12	21636277
12	21639390
12	21639557
12	21639559
12	21639564
12	21643223
12	21644589
12	21644615
12	50452616
12	50452708
12	50452820
12	50467421
12	50467532
12	50467933
12	50471109
12	50471242
12	50471243
12	50471630
12	50471692
12	50471744
12	50471746
12	50471936
12	50471968
12	50472071
12	50472110
12	50472173
12	50472662
12	50472693
12	50473660
12	50473755
12	50473787
12	50473891
12	50473893
12	50473899
12	50473905
12	50473909
12	50473910
12	50473912
12	50473913
12	50473917
12	50473931
12	50474409
12	68696413
12	68696484
12	68707287
12	68708761
12	68708763
12	68708837
12	68708856
12	68708979
12	68708983
12	68709049
12	68709056
12	68709066
12	68709847
12	68709892
12	68710058
12	68710363
12	68716814
12	68716869
12	68716898
12	68719110
12	68719113
12	68719216
12	68719245
12	68720335
12	68720602
12	68720607
12	68720623
12	68721188
12	68721269
12	68721318
12	68721334
12	68721338
12	68721339
12	68721341
12	68721343
12	68724951
12	68725001
12	131438971
12	131439237
12	131439239
12	131451245
12	131455942
12	131455943
12	131455945
12	131455948
12	131455960
12	131455971
12	131455972
12	131455976
12	131456110
12	131456118
12	131456119
12	131456135
12	131466419
12	131466562
12	131471606
12	131471608
12	131471699
12	131471744
12	131475546
12	131475566
12	131475590
12	131475607
12	131475650
12	131476904
12	131476907
12	131484849
12	131484867
12	131484954
12	131488694
12	131488789
12	131488858
12	131488877
12	131490413
12	131490483
12	131490531
12	131498769
12	131498784
12	131498802
12	131498839
12	131498863
12	131569234
12	131569268
12	131569307
12	131589456
12	131589471
12	131590258
12	131590259
12	131590261
12	131590262
12	131590296
12	131590299
12	131590302
12	131593226
12	131602811
12	131602851
12	131602860
12	131602861
12	131603031
12	131603062
12	131603087
12	131603133
12	131616113
12	131616141
12	131620472
12	131620513
12	131620578
12	131620588
12	131620643
12	131620650
12	131620738
12	131620788
12	131620798
12	131620809
12	131622653
12	131622673
12	131622735
12	131622752
12	131622753
12	131623787
13	23904327
13	23904542
13	23904977
13	23904982
13	23904983
13	23904991
13	23905006
13	23905019
13	23905020
13	23905161
13	23905202
13	23905253
13	23905338
13	23905477
13	23905481
13	23905711
13	23905845
13	23906087
13	23906312
13	23906382
13	23906393
13	23906507
13	23906673
13	23906875
13	23906881
13	23906976
13	23906983
13	23907032
13	23907033
13	23907119
13	23907368
13	23907404
13	23907481
13	23907816
13	23907848
13	23907875
13	23908034
13	23908089
13	23908169
13	23908459
13	23908465
13	23908670
13	23908671
13	23908944
13	23909154
13	23909156
13	23909383
13	23909533
13	23909565
13	23909622
13	23909770
13	23909993
13	23910290
13	23910479
13	23910487
13	23911234
13	23911375
13	23911439
13	23911560
13	23911604
13	23911629
13	23911630
13	23911820
13	23911835
13	23911856
13	23911885
13	23911964
13	23911985
13	23911995
13	23912708
13	23912907
13	23913030
13	23913530
13	23913827
13	23913912
13	23914000
13	23914779
13	23914869
13	23914886
13	23915293
13	23915294
13	23915742
13	23915757
13	23915785
13	23915797
13	23915810
13	23928653
13	23928671
13	23928742
13	23928743
13	23928747
13	23928749
13	23928839
13	23928866
13	23928912
13	23928998
13	23929009
13	23929388
13	23929532
13	23929638
13	23929654
13	23929661
13	23929707
13	23929725
13	23929733
13	23929842
13	23929884
13	23929941
13	23930026
13	23930039
13	23930055
13	23930081
13	23930092
13	23930109
13	23930120
13	23930121
13	23930128
13	23930137
13	23932581
13	23932583
13	23932586
13	23932627
13	23939373
13	23945185
13	23945189
13	23945192
13	23945217
13	23945223
13	23945250
13	23945307
13	23945345
13	23945369
13	23945398
13	23985321
13	23985347
13	23985390
13	23985391
13	23985423
13	25457207
13	25458080
13	25458095
13	25458101
13	25458232
13	25458267
13	25458349
13	25458370
13	25458373
13	25458433
13	25458446
13	25458622
13	25458650
13	25459500
13	25459523
13	25459656
13	25459657
13	25459713
13	25459796
13	25459864
13	25466638
13	25466670
13	25466774
13	25466831
13	25466949
13	25478108
13	25478162
13	25479541
13	25479710
13	25479744
13	25479797
13	25479798
13	25479878
13	25480145
13	25480216
13	25480327
13	25480353
13	25480616
13	25480865
13	25480870
13	25480871
13	25481285
13	25481356
13	25481369
13	25482290
13	25482292
13	25484111
13	25484155
13	25484166
13	25484293
13	25484302
13	25486076
13	25486077
13	25486179
13	25486180
13	25486788
13	25486887
13	25486911
13	25486977
13	25487001
13	25487096
13	25487099
13	25487103
13	32893187
13	32893194
13	32893207
13	32893249
13	32893253
13	32893258
13	32893295
13	32893299
13	32893308
13	32893413
13	32893462
13	32893489
13	32899175
13	32900600
13	32900670
13	32900675
13	32900700
13	32900712
13	32900715
13	32900729
13	32900731
13	32900734
13	32905041
13	32905067
13	32905138
13	32905265
13	32906331
13	32906336
13	32906340
13	32906341
13	32906346
13	32906729
13	32906766
13	32906885
13	32906890
13	32906980
13	32907129
13	32907345
13	32907407
13	32907408
13	32910328
13	32910351
13	32910359
13	32910403
13	32910430
13	32910721
13	32911375
13	32911399
13	32911446
13	32911449
13	32911708
13	32911863
13	32911873
13	32911888
13	32912019
13	32912060
13	32912145
13	32912299
13	32912382
13	32912391
13	32912644
13	32912809
13	32913055
13	32913106
13	32913173
13	32913306
13	32913419
13	32913512
13	32913690
13	32913771
13	32913802
13	32913812
13	32913987
13	32914012
13	32914046
13	32914260
13	32914371
13	32914420
13	32914592
13	32914674
13	32914700
13	32914718
13	32914814
13	32914815
13	32914904
13	32914914
13	32915005
13	32915077
13	32915081
13	32915115
13	32915135
13	32915240
13	32918708
13	32920960
13	32920993
13	32921019
13	32921034
13	32921055
13	32921070
13	32928936
13	32928989
13	32929065
13	32929096
13	32929123
13	32929131
13	32929181
13	32929232
13	32929309
13	32929349
13	32929387
13	32929406
13	32930598
13	32936646
13	32936700
13	32937284
13	32937326
13	32937333
13	32937373
13	32937383
13	32937393
13	32937448
13	32937464
13	32937521
13	32937616
13	32944667
13	32944713
13	32944741
13	32944776
13	32944808
13	32945172
13	32953388
13	32953529
13	32953550
13	32954302
13	32968898
13	32969056
13	32971046
13	32971139
13	32972315
13	32972525
13	32972552
13	42142408
13	42144590
13	42144619
13	42144677
13	42144799
13	42144853
13	42149812
13	42149849
13	42149949
13	42150010
13	42150021
13	42161711
13	42161749
13	42161823
13	42164723
13	42164926
13	42179327
13	42185696
13	42189142
13	42189232
13	42189234
13	42249254
13	42249282
13	42249345
13	42259110
13	42259174
13	42259193
13	42264331
13	42264380
13	42264423
13	42264429
13	42264437
13	42264541
13	42264550
13	42264551
13	42264557
13	42264558
13	42273063
13	42273091
13	42273253
13	42273416
13	42277406
13	42277420
13	42277440
13	42277498
13	42277503
13	42277527
13	42277550
13	42277556
13	42277565
13	42293688
13	42293734
13	42293735
13	42293737
13	42293872
13	42293879
13	42293885
13	42293965
13	42293966
13	42295415
13	42295628
13	42295659
13	42295687
13	42295698
13	42301272
13	42301469
13	42303645
13	42303660
13	42303780
13	42303821
13	42306139
13	42306187
13	42306259
13	42306268
13	42335264
13	42335287
13	42335308
13	42335312
13	42335316
13	42335319
13	42351948
13	42351952
13	42357897
13	42357924
13	42357942
13	42357951
13	42357967
13	42357991
13	42358007
13	42358057
13	42361689
13	42385338
13	42385421
13	42385425
13	42385433
13	42385440
13	42385446
13	42385471
13	42385503
13	42390907
13	42393160
13	42393163
13	42393193
13	42393209
13	42393216
13	42393315
13	42404671
13	42404704
13	42407602
13	42407649
13	42407656
13	42439820
13	42439915
13	42440059
13	42440163
13	42442475
13	42442494
13	42442510
13	42442546
13	42442594
13	42457629
13	42457640
13	42459978
13	42460074
13	42461503
13	42465576
13	42465590
13	42465697
13	42465713
13	42481712
13	42481740
13	42486088
13	42486142
13	42486255
13	108860877
13	108861177
13	108861645
13	108861717
13	108861739
13	108861826
13	108861936
13	108862309
13	108862359
13	108862421
13	108862466
13	108862810
13	108862931
13	108863292
13	108863361
14	45605287
14	45605322
14	45605367
14	45605463
14	45609791
14	45609850
14	45623208
14	45623227
14	45623229
14	45623262
14	45623276
14	45624688
14	45628230
14	45628241
14	45628283
14	45633732
14	45633736
14	45636328
14	45639763
14	45642203
14	45642224
14	45642228
14	45642275
14	45642393
14	45642416
14	45642419
14	45642422
14	45642430
14	45644402
14	45644427
14	45644429
14	45644660
14	45644671
14	45644679
14	45644706
14	45644816
14	45644994
14	45645435
14	45645454
14	45645520
14	45645720
14	45645877
14	45652935
14	45652938
14	45653072
14	45656922
14	45656941
14	45657077
14	45657078
14	45657082
14	45658208
14	45658326
14	45658332
14	45658333
14	45658367
14	45658408
14	45658415
14	45658434
14	45658449
14	45665468
14	45665556
14	45667863
14	45667922
14	45668003
14	45669110
14	45669205
15	40998342
15	40998490
15	40998510
15	40998518
15	41021051
15	41021062
15	41021786
15	41022010
15	41022014
15	41023252
15	41023262
15	89801868
15	89801884
15	89801922
15	89803902
15	89803950
15	89804043
15	89804111
15	89804802
15	89804858
15	89804903
15	89804911
15	89804918
15	89807294
15	89807304
15	89807771
15	89807774
15	89807778
15	89817338
15	89817350
15	89817418
15	89819822
15	89819943
15	89819969
15	89820009
15	89821868
15	89821910
15	89821926
15	89821950
15	89821999
15	89822010
15	89822050
15	89824436
15	89824446
15	89824452
15	89824920
15	89824944
15	89825041
15	89825056
15	89825072
15	89825119
15	89826327
15	89826375
15	89826496
15	89826497
15	89826516
15	89826527
15	89828245
15	89828308
15	89828320
15	89828324
15	89828375
15	89828441
15	89833446
15	89834895
15	89835878
15	89835937
15	89835954
15	89836065
15	89837137
15	89837139
15	89837154
15	89844664
15	89844688
15	89844712
15	89844714
15	89847030
15	89847033
15	89847039
15	89847054
15	89847084
15	89847097
15	89847169
15	89847181
15	89848456
15	89848515
15	89848640
15	89848645
15	89848909
15	89849129
15	89849264
15	89849413
15	89850836
15	89850922
15	89850927
15	89856100
15	89856250
15	89857804
15	89857953
15	89857966
15	89858478
15	89858542
15	89858602
15	89858659
15	89859544
15	89859650
15	89859672
15	100185879
15	100185990
15	100186011
15	100186012
15	100211597
15	100211613
15	100211614
15	100211623
15	100211789
15	100215616
15	100215617
15	100215626
15	100215656
15	100215657
15	100243599
15	100246936
15	100246942
15	100246981
15	100251015
15	100252423
15	100252505
15	100252511
15	100252514
15	100252516
15	100252588
15	100252814
15	100252892
15	100252893
15	100252914
16	2090131
16	2090156
16	2090298
16	2093535
16	2094675
16	2094691
16	2094748
16	2094752
16	2096093
16	2096134
16	2096239
16	2096384
16	2096404
16	3632423
16	3632746
16	3633105
16	3634746
16	3634861
16	3639039
16	3639058
16	3639118
16	3639124
16	3639139
16	3639301
16	3639540
16	3639571
16	3639638
16	3639639
16	3639676
16	3639771
16	3639782
16	3639813
16	3639827
16	3639856
16	3639977
16	3639987
16	3640274
16	3640784
16	3640785
16	3640795
16	3640815
16	3640886
16	3640984
16	3640985
16	3641030
16	3641293
16	3641348
16	3641355
16	3642722
16	3644397
16	3644404
16	3644430
16	3644431
16	3646015
16	3646027
16	3646037
16	3646055
16	3646065
16	3647343
16	3647426
16	3647530
16	3647593
16	3647691
16	3647692
16	3647745
16	3647785
16	3651144
16	3652033
16	3652045
16	3652237
16	3656482
16	3656517
16	3656525
16	3656557
16	3656575
16	3656625
16	3656680
16	3658300
16	3658395
16	3658400
16	3658405
16	3658407
16	3658477
16	3658545
16	3658735
16	3658876
16	14013985
16	14013993
16	14014026
16	14014055
16	14014206
16	14014214
16	14014221
16	14014232
16	14014240
16	14014243
16	14015844
16	14015849
16	14015869
16	14020532
16	14020561
16	14020565
16	14021885
16	14022093
16	14022098
16	14022106
16	14022112
16	14024604
16	14024623
16	14024765
16	14024796
16	14024802
16	14029033
16	14029142
16	14029302
16	14029352
16	14029370
16	14029423
16	14031618
16	14031695
16	14031780
16	14038658
16	14038659
16	14038697
16	14041398
16	14041399
16	14041591
16	14041723
16	14041874
16	14041916
16	14041958
16	14041961
16	14042070
16	14042077
16	14042108
16	14042114
16	14042177
16	14042187
16	14042209
16	14042215
16	23619183
16	23619228
16	23619235
16	23619356
16	23625278
16	23625283
16	23625347
16	23625398
16	23625449
16	23625458
16	23625469
16	23632742
16	23632833
16	23634106
16	23634145
16	23634202
16	23634293
16	23635323
16	23635348
16	23635354
16	23635370
16	23637541
16	23637563
16	23637570
16	23637684
16	23637689
16	23637691
16	23637702
16	23637708
16	23637715
16	23640524
16	23640866
16	23641240
16	23641321
16	23641340
16	23641461
16	23641662
16	23641665
16	23641760
16	23646141
16	23646154
16	23646191
16	23646234
16	23646323
16	23646332
16	23646352
16	23646406
16	23646605
16	23646857
16	23646866
16	23646942
16	23647000
16	23647102
16	23647238
16	23649161
16	23649232
16	23649264
16	23649332
16	23649379
16	23652299
16	23652389
16	52473047
16	52473191
16	52473192
16	52473263
16	52473331
16	52473449
16	52473564
16	52473584
16	52478199
16	52478200
16	52478206
16	52478207
16	52478215
16	52478252
16	52479765
16	52479799
16	52479835
16	52484078
16	52484079
16	52484373
16	52484383
16	52484384
16	52497869
16	52497872
16	52498044
16	52502416
16	52502457
16	52553259
16	52553309
16	68772252
16	68835528
16	68835540
16	68835754
16	68835787
16	68842555
16	68842578
16	68842607
16	68842735
16	68842737
16	68845567
16	68845633
16	68845646
16	68845786
16	68845977
16	68845982
16	68846046
16	68847350
16	68849275
16	68849278
16	68849330
16	68849506
16	68849535
16	68853359
16	68853375
16	68855714
16	68855743
16	68855774
16	68855777
16	68855852
16	68855867
16	68855913
16	68856041
16	68856080
16	68856088
16	68857261
16	68857286
16	68857289
16	68857480
16	68862049
16	68862165
16	68862204
16	68863524
16	68863590
16	68863710
16	68867050
16	68867067
16	68867097
16	68867342
16	68867381
16	68867387
16	74657852
16	74657972
16	74660142
16	74660161
16	74660172
16	74660174
16	74660185
16	74662262
16	74662597
16	74662623
16	74664698
16	74664743
16	74664810
16	74664825
16	74664869
16	74664926
16	74670437
16	74671772
16	74671848
16	74671866
16	74671896
16	74671911
16	74678436
16	74678518
16	74678537
16	74678552
16	74678574
16	74678619
16	74678620
16	74678622
16	74678654
16	74683002
16	74683010
16	74683047
16	74683050
16	74683074
16	74685708
16	74685723
16	74685754
16	74685804
16	74685979
16	74694692
16	74694731
16	74694778
16	74694872
16	74694891
16	74694905
16	74695079
16	74695150
16	74695191
16	74695203
16	74695205
16	74695225
16	74695231
16	74695248
16	74695251
16	74695375
16	89805005
16	89805041
16	89805045
16	89805074
16	89805093
16	89805261
16	89805301
16	89805421
16	89805505
16	89805537
16	89805548
16	89806266
16	89806288
16	89806343
16	89806347
16	89806477
16	89809171
16	89809319
16	89809374
16	89811442
16	89811469
16	89811533
16	89811546
16	89811583
16	89811599
16	89812930
16	89812935
16	89813075
16	89813194
16	89813206
16	89813231
16	89816077
16	89816086
16	89816268
16	89816314
16	89816333
16	89816367
16	89816407
16	89816424
16	89818580
16	89825065
16	89825107
16	89828220
16	89828410
16	89828437
16	89833561
16	89833576
16	89833658
16	89833692
16	89833696
16	89833700
16	89833710
16	89833715
16	89833719
16	89836084
16	89836163
16	89836323
16	89836358
16	89836467
16	89836507
16	89836509
16	89836551
16	89836662
16	89836865
16	89836872
16	89836899
16	89836965
16	89838046
16	89838078
16	89838086
16	89838111
16	89839637
16	89839752
16	89839765
16	89839766
16	89845194
16	89845197
16	89845220
16	89845287
16	89845295
16	89845307
16	89845393
16	89846397
16	89849228
16	89849244
16	89849480
16	89849522
16	89849583
16	89851179
16	89851195
16	89857801
16	89857830
16	89857848
16	89857880
16	89857935
16	89857957
16	89857964
16	89857967
16	89858221
16	89858302
16	89858417
16	89858505
16	89858525
16	89858530
16	89858915
16	89862388
16	89862434
16	89865404
16	89865405
16	89865490
16	89865516
16	89865708
16	89866041
16	89866043
16	89869684
16	89869704
16	89869705
16	89869761
16	89871703
16	89871709
16	89871723
16	89871799
16	89871814
16	89871818
16	89874709
16	89874756
16	89874763
16	89877167
16	89877366
16	89877381
16	89882359
16	89882407
17	5405108
17	5405151
17	5405259
17	5418022
17	5418068
17	5418107
17	5418312
17	5418322
17	5418775
17	5418799
17	5418891
17	5424097
17	5424129
17	5424170
17	5424365
17	5424376
17	5424481
17	5424757
17	5424772
17	5424778
17	5424886
17	5424906
17	5424936
17	5424973
17	5424991
17	5425076
17	5425077
17	5433743
17	5433841
17	5433966
17	5436103
17	5436233
17	5436263
17	5436342
17	5436343
17	5437114
17	5437117
17	5437186
17	5437285
17	5437296
17	5437311
17	5440126
17	5440127
17	5440128
17	5440131
17	5440133
17	5440143
17	5440144
17	5440155
17	5440177
17	5440208
17	5440209
17	5442685
17	5442691
17	5442695
17	5442737
17	5444994
17	5445136
17	5445145
17	5445153
17	5445156
17	5445243
17	5445314
17	5445363
17	5456711
17	5456827
17	5456828
17	5461560
17	5461590
17	5461602
17	5461647
17	5461694
17	5461847
17	5461878
17	5461895
17	5461934
17	5462039
17	5462096
17	5462103
17	5462171
17	5462213
17	5462215
17	5462240
17	5462284
17	5462417
17	5462654
17	5462666
17	5462777
17	5462804
17	5462810
17	5462903
17	5462955
17	5463093
17	5463279
17	5463280
17	5463350
17	5485199
17	5485974
17	5485998
17	5485999
17	5486037
17	5486122
17	5486940
17	5486957
17	5487164
17	7573897
17	7573931
17	7574013
17	7574050
17	7576501
17	7576841
17	7577091
17	7577407
17	7577427
17	7578115
17	7578146
17	7578210
17	7578374
17	7578406
17	7579343
17	29482818
17	29482878
17	29482890
17	29482949
17	29482981
17	29486016
17	29486049
17	29486084
17	29486112
17	29486152
17	29486153
17	29486158
17	29490041
17	29508463
17	29508468
17	29508472
17	29508480
17	29509522
17	29509531
17	29509540
17	29509594
17	29509641
17	29509706
17	29527380
17	29527397
17	29527414
17	29527521
17	29527543
17	29527583
17	29527632
17	29527635
17	29527636
17	29527640
17	29527641
17	29527648
17	29527949
17	29528162
17	29528165
17	29528464
17	29533302
17	29533306
17	29533352
17	29546014
17	29546018
17	29546024
17	29546040
17	29546050
17	29546175
17	29546191
17	29553336
17	29553485
17	29553559
17	29554571
17	29554670
17	29554672
17	29554675
17	29555895
17	29555899
17	29555926
17	29555952
17	29556115
17	29556177
17	29556837
17	29560021
17	29560202
17	29562675
17	29562679
17	29562682
17	29562820
17	29562862
17	29563082
17	29563083
17	29576113
17	29579960
17	29585277
17	29587270
17	29587341
17	29587544
17	29587571
17	29588690
17	29588887
17	29592283
17	29592348
17	29592402
17	29592403
17	29592411
17	29652776
17	29652884
17	29652931
17	29653237
17	29653293
17	29654876
17	29654937
17	29654958
17	29654967
17	29654974
17	29661771
17	29663294
17	29663414
17	29663430
17	29663459
17	29663499
17	29663502
17	29663817
17	29664234
17	29664253
17	29664310
17	29664541
17	29664597
17	29664598
17	29664645
17	29665089
17	29665163
17	29665185
17	29665661
17	29665668
17	29665707
17	29665744
17	29665767
17	29665822
17	29667506
17	29667518
17	29667530
17	29667599
17	29667607
17	29669947
17	29669953
17	29669996
17	29676104
17	29676220
17	29676284
17	29676303
17	29676304
17	29677256
17	29677266
17	29679198
17	29679246
17	29679268
17	29679401
17	29683453
17	29683510
17	29683518
17	29683528
17	29683576
17	29683582
17	29683588
17	29683594
17	29683981
17	29684078
17	29684230
17	29684268
17	29684371
17	29684392
17	29684420
17	29685376
17	29685474
17	29701099
17	29701202
17	30931926
17	30932059
17	30932223
17	30965818
17	30965851
17	30965897
17	30980871
17	30980900
17	30980972
17	30980989
17	30981017
17	30981537
17	30986091
17	30986166
17	30986185
17	31048141
17	31048187
17	31065182
17	31065200
17	31065207
17	31065353
17	31065377
17	31072137
17	31072159
17	31072200
17	31072333
17	31072337
17	31076030
17	31082572
17	31082588
17	31082651
17	31087177
17	31087294
17	31087323
17	31087542
17	31091890
17	31094784
17	31098168
17	31099721
17	31099756
17	31099772
17	31099919
17	31102984
17	31103000
17	31103044
17	31103115
17	31103125
17	31107501
17	31107783
17	31107808
17	35444411
17	35445853
17	35446042
17	35454851
17	35454893
17	35470019
17	35470230
17	35478324
17	35478350
17	35478362
17	35478387
17	35479421
17	35486333
17	35486352
17	35486354
17	35486355
17	35486358
17	35486906
17	35487127
17	35487197
17	35508162
17	35508316
17	35508358
17	35508359
17	35508373
17	35512680
17	35536143
17	35536167
17	35536180
17	35538293
17	35538321
17	35538336
17	35545095
17	35545099
17	35545147
17	35545154
17	35545158
17	35545466
17	35548172
17	35548990
17	35549262
17	35549275
17	35549294
17	35557374
17	35557431
17	35557448
17	35557458
17	35564558
17	35564575
17	35564593
17	35564680
17	35567337
17	35567344
17	35567393
17	35578628
17	35578663
17	35578733
17	35580370
17	35580532
17	35580554
17	35581987
17	35582034
17	35583242
17	35583277
17	35583324
17	35583325
17	35583332
17	35583343
17	35583348
17	35591882
17	35591962
17	35591986
17	35592020
17	35592036
17	35592044
17	35597354
17	35597366
17	35597505
17	35597529
17	35601484
17	35601650
17	35601945
17	35602148
17	35605594
17	35605601
17	35605605
17	35608889
17	35609782
17	35609817
17	35609866
17	35615022
17	35615194
17	35615313
17	35615314
17	35615316
17	35616263
17	35620436
17	35620610
17	35627755
17	35627766
17	35631184
17	35631191
17	35631217
17	35631240
17	35633851
17	35633861
17	35634023
17	35634801
17	35634839
17	35634888
17	35640184
17	35640231
17	35640278
17	35640328
17	35640337
17	35640342
17	35640343
17	35640344
17	35641766
17	35641852
17	35641865
17	35641866
17	35656318
17	35687137
17	35687315
17	35687316
17	35687329
17	35687338
17	35687339
17	35687368
17	35687370
17	35687373
17	35766336
17	35766374
17	35766420
17	35766475
17	41197659
17	41197827
17	41197829
17	41201070
17	41201105
17	41215313
17	41215821
17	41215825
17	41215836
17	41215862
17	41215957
17	41215994
17	41215996
17	41216000
17	41216021
17	41223119
17	41223160
17	41223242
17	41226387
17	41228491
17	41228497
17	41228598
17	41228622
17	41228640
17	41231314
17	41231490
17	41231502
17	41231516
17	41234468
17	41234470
17	41234494
17	41234505
17	41234544
17	41242922
17	41243375
17	41243508
17	41243565
17	41243569
17	41243573
17	41243585
17	41243613
17	41243948
17	41244000
17	41244168
17	41244252
17	41244606
17	41244691
17	41244706
17	41244748
17	41244876
17	41245027
17	41245062
17	41245090
17	41245205
17	41245353
17	41245363
17	41245466
17	41245471
17	41245577
17	41245836
17	41245842
17	41246062
17	41246110
17	41246113
17	41246115
17	41246125
17	41246130
17	41246134
17	41246158
17	41246481
17	41246751
17	41246848
17	41246858
17	41247801
17	41247813
17	41247826
17	41247945
17	41247959
17	41249323
17	41249363
17	41249386
17	41249392
17	41251726
17	41251748
17	41251804
17	41251830
17	41251857
17	41251931
17	41256155
17	41256262
17	41267734
17	41267743
17	41267763
17	41267777
17	41267792
17	56770094
17	56770161
17	56774142
17	56774247
17	56780540
17	56780750
17	56787258
17	56787304
17	56798128
17	56798164
17	59760708
17	59760756
17	59760773
17	59760854
17	59760943
17	59760996
17	59761005
17	59761162
17	59761169
17	59761308
17	59761382
17	59761395
17	59761413
17	59761444
17	59761519
17	59763243
17	59763248
17	59763263
17	59763286
17	59763347
17	59763349
17	59763375
17	59770802
17	59770830
17	59770831
17	59770833
17	59770836
17	59770849
17	59770850
17	59793200
17	59793232
17	59793271
17	59793322
17	59793357
17	59793404
17	59793469
17	59793562
17	59793563
17	59820367
17	59820400
17	59820457
17	59820497
17	59820498
17	59853600
17	59853611
17	59853625
17	59853632
17	59853657
17	59853658
17	59853755
17	59853798
17	59853918
17	59853923
17	59853929
17	59857637
17	59858305
17	59858356
17	59861767
17	59870969
17	59870983
17	59871068
17	59871071
17	59871080
17	59876383
17	59876430
17	59876497
17	59876521
17	59876687
17	59878462
17	59878522
17	59878614
17	59878647
17	59878731
17	59878736
17	59878739
17	59885856
17	59886069
17	59924417
17	59924465
17	59924512
17	59924521
17	59934303
17	59934613
17	59938830
17	59938832
17	59938841
17	72745123
17	72745131
17	72745137
17	72745174
17	72745434
17	72745440
17	72745447
17	72745451
17	72745452
17	72745455
17	72745464
17	72745466
17	72745517
17	72758074
17	72758127
17	72758210
17	72758325
17	72758338
17	72759431
17	72759432
17	72759438
17	72759439
17	72759455
17	72759456
17	72759477
17	72759529
17	72759534
17	72759575
17	72759781
17	72759784
17	72759827
17	72759833
17	72763024
17	72763040
17	72763142
17	72763144
17	72763186
17	72764388
17	72764620
17	72764689
18	28898201
18	28898294
18	28898303
18	28898345
18	28908294
18	28909830
18	28916423
18	28916463
18	28918197
18	28918203
18	28918204
18	28918205
18	28918362
18	28918381
18	28918414
18	28919787
18	28919792
18	28919794
18	28919884
18	28919895
18	28919898
18	28919911
18	28920081
18	28923889
18	28923906
18	28926040
18	28926056
18	28926100
18	28926107
18	28926120
18	28926172
18	28926189
18	28934267
18	28934274
18	28934280
18	28934298
18	28934467
18	28934473
18	28934481
18	28934577
18	28934578
18	28934596
18	28934597
18	28934621
18	28934681
18	28934715
18	28934716
18	28934732
18	28934767
18	28934772
18	28934781
18	28934973
18	28934982
18	28934983
18	28935073
18	28935123
18	28935182
19	1206948
19	1207008
19	1207176
19	1207238
19	1207245
19	1207280
19	1207283
19	1207286
19	1218384
19	1218522
19	1218523
19	1218526
19	1218555
19	1219191
19	1219224
19	1219274
19	1220321
19	1220378
19	1220471
19	1220477
19	1221109
19	1221138
19	1221161
19	1221185
19	1221199
19	1221293
19	1221883
19	1221918
19	2933434
19	2933480
19	2933481
19	2933529
19	2933627
19	2933698
19	2933699
19	2933733
19	2933758
19	2934327
19	2934365
19	2934694
19	2934729
19	2936575
19	2936623
19	2936664
19	2936722
19	7075622
19	7075662
19	7075696
19	7076418
19	7076457
19	7081431
19	7081436
19	7082945
19	7083010
19	7083191
19	7083193
19	7083270
19	7083322
19	7083411
19	7083436
19	7083495
19	7083555
19	17212989
19	17212992
19	17213058
19	17256286
19	17263429
19	17264927
19	17264961
19	17264963
19	17264971
19	17264985
19	17265084
19	17265244
19	17265273
19	17273753
19	17273893
19	17278737
19	17283303
19	17283325
19	17283383
19	17283401
19	17283403
19	17283491
19	17283538
19	17286438
19	17286520
19	17286535
19	17291917
19	17294556
19	17294563
19	17294735
19	17295574
19	17295598
19	17295603
19	17296730
19	17296913
19	17298679
19	17298708
19	17298724
19	17298837
19	17301817
19	17301863
19	17301880
19	17301935
19	17303505
19	17303701
19	17303709
19	17303715
19	17303774
19	17305383
19	17305440
19	17305444
19	17305453
19	17305468
19	17305607
19	17305624
19	17305679
19	17305781
19	17308648
19	17311081
19	17311226
19	17311424
19	17311430
19	17311442
19	17312679
19	17312810
19	17312817
19	17312848
19	17312894
19	17312895
19	17312992
19	17313044
19	17313591
19	17313592
19	17313595
19	17313596
19	17313600
19	17313601
19	17313613
19	17313619
19	17313688
19	17314005
19	17316685
19	17316697
19	17316703
19	17317562
19	17320272
19	17320308
19	17320317
19	17320382
19	17321246
19	17321257
19	17321281
19	17321462
19	17321487
19	17321669
19	17321683
19	17322388
19	17322415
19	17323090
19	17323092
19	20188930
19	20188998
19	20214976
19	20214978
19	20214981
19	20215004
19	20215174
19	20215982
19	20216029
19	20228522
19	20228558
19	20228607
19	20228731
19	20228815
19	20228869
19	20229309
19	20230226
19	20230229
21	34614144
21	34614239
21	34614250
21	34614255
21	34614299
21	34614306
21	34614327
21	34614330
21	34614355
21	34615991
21	34616029
21	34617239
21	34617261
21	34617333
21	34617345
21	34617352
21	34617365
21	34617395
21	34617403
21	34617405
21	34619104
21	34619117
21	34619182
21	34619224
21	34620989
21	34621097
21	34624912
21	34624917
21	34632925
21	34634797
21	34634807
21	34634808
21	34634810
21	34634842
21	34634848
21	34634878
21	34634970
21	34634975
21	34634991
21	34634995
21	34635053
21	34635065
21	34635086
21	34635089
21	34635098
21	34635104
21	34635161
21	34635229
21	34635349
21	34635409
21	34635433
21	34635572
21	34635679
21	34635776
21	34635779
22	21133604
22	21133618
22	21133619
22	21133831
22	21133885
22	21133927
22	21134023
22	21134037
22	21134067
22	21134132
22	21134143
22	21134223
22	21134226
22	21138544
22	21140231
22	21140288
22	21140293
22	21140351
22	21140523
22	21140541
22	21140563
22	21140974
22	21141078
22	21141079
22	21141209
22	21141300
22	29083903
22	29083943
22	29083961
22	29091147
22	29091856
22	29092854
22	29092956
22	29092961
22	29092962
22	29092988
22	29092997
22	29092999
22	29099430
22	29099463
22	29099559
22	29105957
22	29106036
22	29106060
22	29106074
22	29106105
22	29107974
22	29120912
22	29120915
22	29120961
22	29121019
22	29121038
22	29121078
22	29121087
22	29121100
22	29121105
22	29121113
22	29121212
22	29121231
22	29130347
22	29130449
22	29130456
22	29130458
22	29130463
22	29130696
22	29130703
22	31835718
22	31835731
22	31836838
22	31836842
22	31836846
22	31837767
22	31838003
22	31838070
22	31838085
22	31840638
22	31840691
22	31844270
22	31844285
22	31846313
22	31846324
22	31846366
22	31850238
22	31850322
22	31851236
22	31851246
22	31854434
22	31854559
22	31854620
22	31859084
22	31859511
22	31859617
22	31859854
22	31859859
22	31864113
22	31867703
22	31867752
22	31867753
22	31867903
22	31867916
22	31884566
22	31884574
22	31884654
22	31884684
22	31884692
22	31884694
22	42017955
22	42017958
22	42024173
22	42032167
22	42032182
22	42032190
22	42032208
22	42033821
22	42042939
22	42043003
22	42046907
22	42049627
22	42052955
22	42053010
22	42054221
22	42054239
22	42054272
22	42054331
22	42054332
22	42054347
22	42054350
22	42054406
22	42059570
X	14861590
X	14861609
X	14862484
X	14862485
X	14862487
X	14862546
X	14862727
X	14862745
X	14863088
X	14863310
X	14863468
X	14868636
X	14868637
X	14868692
X	14868697
X	14868750
X	14868752
X	14868769
X	14868771
X	14868772
X	14868811
X	14871250
X	14875906
X	14875910
X	14875960
X	14875965
X	14875982
X	14875983
X	14875992
X	14876020
X	14876023
X	14876032
X	14876041
X	14876058
X	14876059
X	14876061
X	14876064
X	14882682
X	14882697
X	14882735
X	14882821
X	14882942
X	14882968
X	14883126
X	14883564
X	14883644
X	105937157
X	105937177
X	105937194
X	106016153
X	106016268
X	106016300
X	106016329
X	106016375
X	106016401
X	106028288
X	106031154
X	106031155
X	106031156
X	106038647
X	106038674
X	106038681
X	106038687
X	106038706
X	106038711
X	106038914
X	106038944
